{
 "cells": [
  {
   "cell_type": "code",
   "execution_count": 1,
   "metadata": {},
   "outputs": [],
   "source": [
    "import json\n",
    "import numpy as np\n",
    "\n",
    "def quaternion_to_rotation_matrix(qw, qx, qy, qz):\n",
    "    '''Convert quaternion to 3x3 rotation matrix.'''\n",
    "    R = np.array([\n",
    "        [1 - 2*qy**2 - 2*qz**2, 2*qx*qy - 2*qz*qw, 2*qx*qz + 2*qy*qw],\n",
    "        [2*qx*qy + 2*qz*qw, 1 - 2*qx**2 - 2*qz**2, 2*qy*qz - 2*qx*qw],\n",
    "        [2*qx*qz - 2*qy*qw, 2*qy*qz + 2*qx*qw, 1 - 2*qx**2 - 2*qy**2]\n",
    "    ])\n",
    "    return R"
   ]
  },
  {
   "cell_type": "code",
   "execution_count": 53,
   "metadata": {},
   "outputs": [],
   "source": [
    "def parse_transform_file(file_path):\n",
    "    \"\"\"\n",
    "    Parse a transform file and return a list of transforms.\n",
    "    Supports both 3x4 and 4x4 matrix formats.\n",
    "    \"\"\"\n",
    "    with open(file_path, 'r') as f:\n",
    "        data = json.load(f)\n",
    "    \n",
    "    transforms = {}\n",
    "    \n",
    "    if 'frames' in data:\n",
    "        # transfoms.json\n",
    "        data = data['frames']\n",
    "        for item in data:\n",
    "            # 3x4 matrix format (transform_train.json)\n",
    "            transform = item[\"transform_matrix\"]\n",
    "            # Extract rotation (3x3) and translation (3x1)\n",
    "            R = [transform[i][:3] for i in range(3)]\n",
    "            t = [transform[i][3] for i in range(3)]\n",
    "            transforms[item[\"file_path\"].split(\"/\")[-1]] = {'rotation': R, 'translation': t}\n",
    "    \n",
    "    else:\n",
    "        # transforms_train.json\n",
    "        for item in data:\n",
    "            # 4x4 matrix format (transforms.json)\n",
    "            transform = item['transform']\n",
    "            # Extract rotation (3x3) and translation (3x1)\n",
    "            R = [transform[i][:3] for i in range(3)]\n",
    "            t = [transform[i][3] for i in range(3)]\n",
    "            transforms[item[\"file_path\"].split(\"\\\\\")[-1]] = {'rotation': R, 'translation': t}\n",
    "    \n",
    "    return transforms\n",
    "\n",
    "def parse_transform_files(file_paths):\n",
    "    \"\"\"\n",
    "    Parse multiple transform files and return a list of all parsed transforms.\n",
    "    \"\"\"\n",
    "    all_transforms = []\n",
    "    \n",
    "    for file_path in file_paths:\n",
    "        transforms = parse_transform_file(file_path)\n",
    "        all_transforms.append(transforms)\n",
    "    \n",
    "    return all_transforms\n",
    "\n",
    "# Example usage:\n",
    "refine_paths = ['./outputs/camera1127/transforms_train.json','./outputs/camera1127/transforms_eval.json']\n",
    "transform_path = './data/nerfstudio/poster/transforms.json'\n",
    "transforms = parse_transform_file(transform_path)\n",
    "refined_transforms = parse_transform_files(refine_paths)"
   ]
  },
  {
   "cell_type": "code",
   "execution_count": 54,
   "metadata": {},
   "outputs": [
    {
     "data": {
      "text/plain": [
       "[{'frame_00001.png': {'rotation': [[0.8504081964492798,\n",
       "     0.1754688024520874,\n",
       "     -0.49600058794021606],\n",
       "    [-0.523248016834259, 0.18364156782627106, -0.8321582078933716],\n",
       "    [-0.054931461811065674, 0.9672054648399353, 0.24798400700092316]],\n",
       "   'translation': [-0.5559717416763306,\n",
       "    -0.5978692173957825,\n",
       "    -0.12046844512224197]},\n",
       "  'frame_00002.png': {'rotation': [[0.8281749486923218,\n",
       "     0.1936497986316681,\n",
       "     -0.5259523987770081],\n",
       "    [-0.5575795769691467, 0.18949462473392487, -0.8082059025764465],\n",
       "    [-0.05684376507997513, 0.9625961780548096, 0.26490992307662964]],\n",
       "   'translation': [-0.5775068402290344,\n",
       "    -0.5577907562255859,\n",
       "    -0.10823742300271988]},\n",
       "  'frame_00003.png': {'rotation': [[0.8053093552589417,\n",
       "     0.21259471774101257,\n",
       "     -0.5534259080886841],\n",
       "    [-0.5905300378799438, 0.20505961775779724, -0.7805286049842834],\n",
       "    [-0.05245093256235123, 0.9553816318511963, 0.29068002104759216]],\n",
       "   'translation': [-0.6035266518592834,\n",
       "    -0.5267450213432312,\n",
       "    -0.10079747438430786]},\n",
       "  'frame_00004.png': {'rotation': [[0.7796415686607361,\n",
       "     0.23526054620742798,\n",
       "     -0.580354630947113],\n",
       "    [-0.6244257688522339, 0.22183442115783691, -0.7489204406738281],\n",
       "    [-0.047448817640542984, 0.946277916431427, 0.31985408067703247]],\n",
       "   'translation': [-0.6352543830871582,\n",
       "    -0.5038049221038818,\n",
       "    -0.09582271426916122]},\n",
       "  'frame_00005.png': {'rotation': [[0.7643197774887085,\n",
       "     0.24790532886981964,\n",
       "     -0.59527987241745],\n",
       "    [-0.6436084508895874, 0.2363138347864151, -0.7279587388038635],\n",
       "    [-0.039792001247406006, 0.9395204782485962, 0.3401733636856079]],\n",
       "   'translation': [-0.6619787216186523,\n",
       "    -0.48846006393432617,\n",
       "    -0.08909204602241516]},\n",
       "  'frame_00006.png': {'rotation': [[0.7509381175041199,\n",
       "     0.25532931089401245,\n",
       "     -0.609014630317688],\n",
       "    [-0.6599092483520508, 0.2556009292602539, -0.70653235912323],\n",
       "    [-0.02473372220993042, 0.9324565529823303, 0.3604346811771393]],\n",
       "   'translation': [-0.689045786857605,\n",
       "    -0.47831887006759644,\n",
       "    -0.08547589182853699]},\n",
       "  'frame_00007.png': {'rotation': [[0.7297582626342773,\n",
       "     0.2652089297771454,\n",
       "     -0.6301722526550293],\n",
       "    [-0.683540940284729, 0.26280391216278076, -0.6809594631195068],\n",
       "    [-0.014984793961048126, 0.9276843070983887, 0.3730645179748535]],\n",
       "   'translation': [-0.7133727669715881,\n",
       "    -0.44850319623947144,\n",
       "    -0.09603932499885559]},\n",
       "  'frame_00008.png': {'rotation': [[0.6931238174438477,\n",
       "     0.2781258821487427,\n",
       "     -0.6650002002716064],\n",
       "    [-0.7206864953041077, 0.24973659217357635, -0.646716833114624],\n",
       "    [-0.01379387080669403, 0.9275115728378296, 0.3735400438308716]],\n",
       "   'translation': [-0.7370959520339966,\n",
       "    -0.4200004041194916,\n",
       "    -0.09929010272026062]},\n",
       "  'frame_00009.png': {'rotation': [[0.6476129293441772,\n",
       "     0.2869822084903717,\n",
       "     -0.7058603167533875],\n",
       "    [-0.7617897987365723, 0.223735049366951, -0.6079628467559814],\n",
       "    [-0.016548801213502884, 0.9314417839050293, 0.3635138273239136]],\n",
       "   'translation': [-0.7606203556060791,\n",
       "    -0.38953062891960144,\n",
       "    -0.09817581623792648]},\n",
       "  'frame_00010.png': {'rotation': [[0.5988267064094543,\n",
       "     0.2919846177101135,\n",
       "     -0.745755672454834],\n",
       "    [-0.8005964159965515, 0.19352948665618896, -0.5670904517173767],\n",
       "    [-0.0212559811770916, 0.9366382360458374, 0.3496524393558502]],\n",
       "   'translation': [-0.7841052412986755,\n",
       "    -0.3644942045211792,\n",
       "    -0.0951286032795906]},\n",
       "  'frame_00012.png': {'rotation': [[0.5357574820518494,\n",
       "     0.29465237259864807,\n",
       "     -0.7912924885749817],\n",
       "    [-0.843904972076416, 0.15569117665290833, -0.5134051442146301],\n",
       "    [-0.028078749775886536, 0.9428362846374512, 0.33207130432128906]],\n",
       "   'translation': [-0.8292422294616699,\n",
       "    -0.32343000173568726,\n",
       "    -0.09340932220220566]},\n",
       "  'frame_00013.png': {'rotation': [[0.5249621868133545,\n",
       "     0.2963009476661682,\n",
       "     -0.7978849411010742],\n",
       "    [-0.8506141304969788, 0.15015186369419098, -0.5038948655128479],\n",
       "    [-0.029500573873519897, 0.9432181119918823, 0.33086180686950684]],\n",
       "   'translation': [-0.8513128757476807,\n",
       "    -0.3069152235984802,\n",
       "    -0.0900067389011383]},\n",
       "  'frame_00014.png': {'rotation': [[0.5184120535850525,\n",
       "     0.29685747623443604,\n",
       "     -0.8019504547119141],\n",
       "    [-0.8546042442321777, 0.14694511890411377, -0.49805498123168945],\n",
       "    [-0.030008630827069283, 0.9435479044914246, 0.32987383008003235]],\n",
       "   'translation': [-0.8745705485343933,\n",
       "    -0.2901695668697357,\n",
       "    -0.09024082124233246]},\n",
       "  'frame_00015.png': {'rotation': [[0.50198894739151,\n",
       "     0.30019450187683105,\n",
       "     -0.8111044764518738],\n",
       "    [-0.8644062280654907, 0.1433020532131195, -0.4819403290748596],\n",
       "    [-0.028442857787013054, 0.9430524110794067, 0.3314260244369507]],\n",
       "   'translation': [-0.892308235168457,\n",
       "    -0.2703484892845154,\n",
       "    -0.08623968809843063]},\n",
       "  'frame_00016.png': {'rotation': [[0.45658257603645325,\n",
       "     0.30501580238342285,\n",
       "     -0.8357617259025574],\n",
       "    [-0.8893712759017944, 0.13169071078300476, -0.4378085434436798],\n",
       "    [-0.02347641810774803, 0.9431982636451721, 0.33139997720718384]],\n",
       "   'translation': [-0.9060867428779602,\n",
       "    -0.25236940383911133,\n",
       "    -0.07990027219057083]},\n",
       "  'frame_00017.png': {'rotation': [[0.41648295521736145,\n",
       "     0.32895293831825256,\n",
       "     -0.8475447297096252],\n",
       "    [-0.9087033271789551, 0.12161483615636826, -0.39933454990386963],\n",
       "    [-0.028288260102272034, 0.9364826679229736, 0.3495711386203766]],\n",
       "   'translation': [-0.9111450910568237,\n",
       "    -0.2291426807641983,\n",
       "    -0.08342255651950836]},\n",
       "  'frame_00018.png': {'rotation': [[0.39069217443466187,\n",
       "     0.35895586013793945,\n",
       "     -0.8476499915122986],\n",
       "    [-0.9201000332832336, 0.12442091852426529, -0.371396541595459],\n",
       "    [-0.027849599719047546, 0.9250244498252869, 0.37888556718826294]],\n",
       "   'translation': [-0.917984127998352,\n",
       "    -0.209854856133461,\n",
       "    -0.08118487894535065]},\n",
       "  'frame_00019.png': {'rotation': [[0.37420955300331116,\n",
       "     0.37521544098854065,\n",
       "     -0.8480452299118042],\n",
       "    [-0.9271758198738098, 0.13395725190639496, -0.34985777735710144],\n",
       "    [-0.01767023839056492, 0.9172070622444153, 0.39801880717277527]],\n",
       "   'translation': [-0.9255390167236328,\n",
       "    -0.19452455639839172,\n",
       "    -0.07547526061534882]},\n",
       "  'frame_00020.png': {'rotation': [[0.3437250554561615,\n",
       "     0.3855951130390167,\n",
       "     -0.8562531471252441],\n",
       "    [-0.9390006065368652, 0.1300210952758789, -0.3183901607990265],\n",
       "    [-0.011438725516200066, 0.9134609699249268, 0.40676558017730713]],\n",
       "   'translation': [-0.9326261281967163,\n",
       "    -0.1759452223777771,\n",
       "    -0.07369306683540344]},\n",
       "  'frame_00022.png': {'rotation': [[0.2972014844417572,\n",
       "     0.3948737382888794,\n",
       "     -0.8693364858627319],\n",
       "    [-0.9541884660720825, 0.08985891193151474, -0.2853938639163971],\n",
       "    [-0.0345769077539444, 0.9143303632736206, 0.4034901261329651]],\n",
       "   'translation': [-0.9480232000350952,\n",
       "    -0.12865415215492249,\n",
       "    -0.07228672504425049]},\n",
       "  'frame_00023.png': {'rotation': [[0.2715165615081787,\n",
       "     0.40397098660469055,\n",
       "     -0.8735479712486267],\n",
       "    [-0.9613731503486633, 0.07124125957489014, -0.26586905121803284],\n",
       "    [-0.04517073184251785, 0.9119934439659119, 0.40771013498306274]],\n",
       "   'translation': [-0.9517115354537964,\n",
       "    -0.11063312739133835,\n",
       "    -0.0744190365076065]},\n",
       "  'frame_00024.png': {'rotation': [[0.2411557137966156,\n",
       "     0.4125581979751587,\n",
       "     -0.8784301280975342],\n",
       "    [-0.9690151810646057, 0.05253876373171806, -0.241348996758461],\n",
       "    [-0.053418852388858795, 0.9094147682189941, 0.41244518756866455]],\n",
       "   'translation': [-0.959662914276123,\n",
       "    -0.09627585858106613,\n",
       "    -0.07615214586257935]},\n",
       "  'frame_00025.png': {'rotation': [[0.20467521250247955,\n",
       "     0.4212496876716614,\n",
       "     -0.883547842502594],\n",
       "    [-0.9767172336578369, 0.028618190437555313, -0.21261373162269592],\n",
       "    [-0.06427791714668274, 0.906493067741394, 0.4172993004322052]],\n",
       "   'translation': [-0.9675561189651489,\n",
       "    -0.0795091986656189,\n",
       "    -0.07103485614061356]},\n",
       "  'frame_00026.png': {'rotation': [[0.16542911529541016,\n",
       "     0.41986507177352905,\n",
       "     -0.8923825025558472],\n",
       "    [-0.9837077260017395, 0.005682173650711775, -0.17968542873859406],\n",
       "    [-0.07037295401096344, 0.9075687527656555, 0.4139644503593445]],\n",
       "   'translation': [-0.9740917086601257,\n",
       "    -0.05563904345035553,\n",
       "    -0.061135366559028625]},\n",
       "  'frame_00027.png': {'rotation': [[0.13806067407131195,\n",
       "     0.41417592763900757,\n",
       "     -0.8996652364730835],\n",
       "    [-0.987612247467041, -0.010824212804436684, -0.15653997659683228],\n",
       "    [-0.07457324117422104, 0.9101325273513794, 0.4075508415699005]],\n",
       "   'translation': [-0.9859238862991333,\n",
       "    -0.024686476215720177,\n",
       "    -0.056939031928777695]},\n",
       "  'frame_00028.png': {'rotation': [[0.11749199032783508,\n",
       "     0.40227165818214417,\n",
       "     -0.9079499840736389],\n",
       "    [-0.990241289138794, -0.021547168493270874, -0.13768738508224487],\n",
       "    [-0.07495145499706268, 0.915266752243042, 0.3958144187927246]],\n",
       "   'translation': [-0.9969571828842163,\n",
       "    0.006693328730762005,\n",
       "    -0.058682411909103394]},\n",
       "  'frame_00029.png': {'rotation': [[0.09943439811468124,\n",
       "     0.40229275822639465,\n",
       "     -0.9100953340530396],\n",
       "    [-0.9921029806137085, -0.030189191922545433, -0.1217389777302742],\n",
       "    [-0.07644973695278168, 0.9150131344795227, 0.3961140513420105]],\n",
       "   'translation': [-1.0003306865692139,\n",
       "    0.03563332557678223,\n",
       "    -0.060438547283411026]},\n",
       "  'frame_00030.png': {'rotation': [[0.06429006159305573,\n",
       "     0.3906254172325134,\n",
       "     -0.9183019399642944],\n",
       "    [-0.9948437213897705, -0.04724189639091492, -0.08974440395832062],\n",
       "    [-0.07843875885009766, 0.9193366765975952, 0.3855741322040558]],\n",
       "   'translation': [-0.9984263777732849,\n",
       "    0.06359405070543289,\n",
       "    -0.05723591148853302]},\n",
       "  'frame_00032.png': {'rotation': [[0.005367692094296217,\n",
       "     0.3609342873096466,\n",
       "     -0.9325757622718811],\n",
       "    [-0.9983784556388855, -0.05091758444905281, -0.025453034788370132],\n",
       "    [-0.056671373546123505, 0.9312002062797546, 0.3600757122039795]],\n",
       "   'translation': [-0.9901301264762878,\n",
       "    0.12830118834972382,\n",
       "    -0.04502332583069801]},\n",
       "  'frame_00033.png': {'rotation': [[-0.029212338849902153,\n",
       "     0.3592032194137573,\n",
       "     -0.9328020215034485],\n",
       "    [-0.9985678195953369, -0.05233192816376686, 0.011119923554360867],\n",
       "    [-0.04482101649045944, 0.9317909479141235, 0.36021754145622253]],\n",
       "   'translation': [-0.9781755208969116,\n",
       "    0.16072706878185272,\n",
       "    -0.04262307286262512]},\n",
       "  'frame_00034.png': {'rotation': [[-0.058361511677503586,\n",
       "     0.366585373878479,\n",
       "     -0.9285522103309631],\n",
       "    [-0.9975570440292358, -0.05718688666820526, 0.0401216559112072],\n",
       "    [-0.03839299455285072, 0.928625226020813, 0.369027316570282]],\n",
       "   'translation': [-0.9596894383430481,\n",
       "    0.19648009538650513,\n",
       "    -0.04250679165124893]},\n",
       "  'frame_00035.png': {'rotation': [[-0.08389177173376083,\n",
       "     0.37881842255592346,\n",
       "     -0.921660840511322],\n",
       "    [-0.9959526062011719, -0.06181749701499939, 0.06524590402841568],\n",
       "    [-0.03225841745734215, 0.9234041571617126, 0.38247108459472656]],\n",
       "   'translation': [-0.9431341290473938,\n",
       "    0.23643234372138977,\n",
       "    -0.052580010145902634]},\n",
       "  'frame_00036.png': {'rotation': [[-0.1157316192984581,\n",
       "     0.39163750410079956,\n",
       "     -0.9128122329711914],\n",
       "    [-0.9929439425468445, -0.06953804194927216, 0.09605621546506882],\n",
       "    [-0.025855956599116325, 0.917488157749176, 0.3969217836856842]],\n",
       "   'translation': [-0.9265211224555969,\n",
       "    0.27428576350212097,\n",
       "    -0.06117849051952362]},\n",
       "  'frame_00037.png': {'rotation': [[-0.15061308443546295,\n",
       "     0.40196657180786133,\n",
       "     -0.9031825065612793],\n",
       "    [-0.9883955121040344, -0.07948074489831924, 0.12944968044757843],\n",
       "    [-0.0197511725127697, 0.9121982455253601, 0.40927278995513916]],\n",
       "   'translation': [-0.9123902320861816,\n",
       "    0.3048303723335266,\n",
       "    -0.06769398599863052]},\n",
       "  'frame_00038.png': {'rotation': [[-0.1874823272228241,\n",
       "     0.41063857078552246,\n",
       "     -0.8923152685165405],\n",
       "    [-0.9821506142616272, -0.09240749478340149, 0.16383200883865356],\n",
       "    [-0.015180842019617558, 0.9071035385131836, 0.4206336736679077]],\n",
       "   'translation': [-0.904128909111023,\n",
       "    0.3284201920032501,\n",
       "    -0.06505372375249863]},\n",
       "  'frame_00039.png': {'rotation': [[-0.2251691371202469,\n",
       "     0.4187096655368805,\n",
       "     -0.8797619342803955],\n",
       "    [-0.9742639064788818, -0.10643243044614792, 0.19870129227638245],\n",
       "    [-0.01043703593313694, 0.9018615484237671, 0.43189889192581177]],\n",
       "   'translation': [-0.8937815427780151,\n",
       "    0.34598129987716675,\n",
       "    -0.05868241563439369]},\n",
       "  'frame_00040.png': {'rotation': [[-0.2603646218776703,\n",
       "     0.4252391755580902,\n",
       "     -0.8668228983879089],\n",
       "    [-0.9655053615570068, -0.11754977703094482, 0.23233890533447266],\n",
       "    [-0.003095254534855485, 0.897415041923523, 0.44117647409439087]],\n",
       "   'translation': [-0.8821842074394226,\n",
       "    0.36595460772514343,\n",
       "    -0.05236123874783516]},\n",
       "  'frame_00042.png': {'rotation': [[-0.2974328398704529,\n",
       "     0.4353390336036682,\n",
       "     -0.8497138023376465],\n",
       "    [-0.9546951651573181, -0.12673985958099365, 0.26924699544906616],\n",
       "    [0.009521134197711945, 0.8913006782531738, 0.4533127248287201]],\n",
       "   'translation': [-0.8555966019630432,\n",
       "    0.4092349708080292,\n",
       "    -0.04494910687208176]},\n",
       "  'frame_00043.png': {'rotation': [[-0.31959035992622375,\n",
       "     0.4374786615371704,\n",
       "     -0.8405202627182007],\n",
       "    [-0.9473466873168945, -0.1288907378911972, 0.2931230962276459],\n",
       "    [0.01989985816180706, 0.8899435997009277, 0.45563629269599915]],\n",
       "   'translation': [-0.8374661803245544,\n",
       "    0.4281349182128906,\n",
       "    -0.0398688018321991]},\n",
       "  'frame_00044.png': {'rotation': [[-0.34659045934677124,\n",
       "     0.4357827305793762,\n",
       "     -0.8306434154510498],\n",
       "    [-0.9376755356788635, -0.1370842158794403, 0.3193313181400299],\n",
       "    [0.025290992110967636, 0.8895511627197266, 0.45613494515419006]],\n",
       "   'translation': [-0.8237388730049133,\n",
       "    0.4404486119747162,\n",
       "    -0.04007929936051369]},\n",
       "  'frame_00045.png': {'rotation': [[-0.38614630699157715,\n",
       "     0.4283727705478668,\n",
       "     -0.816938042640686],\n",
       "    [-0.9221059083938599, -0.15551090240478516, 0.35431215167045593],\n",
       "    [0.024734918028116226, 0.8901197910308838, 0.45505496859550476]],\n",
       "   'translation': [-0.8169008493423462,\n",
       "    0.45664334297180176,\n",
       "    -0.04911808297038078]},\n",
       "  'frame_00046.png': {'rotation': [[-0.4355892539024353,\n",
       "     0.4198959767818451,\n",
       "     -0.7962093353271484],\n",
       "    [-0.8998208045959473, -0.17936238646507263, 0.397682785987854],\n",
       "    [0.024175390601158142, 0.8896721601486206, 0.4559594690799713]],\n",
       "   'translation': [-0.8134324550628662,\n",
       "    0.4783075451850891,\n",
       "    -0.05619347468018532]},\n",
       "  'frame_00047.png': {'rotation': [[-0.4836832284927368,\n",
       "     0.4122385084629059,\n",
       "     -0.7720816135406494],\n",
       "    [-0.8749251365661621, -0.20395679771900177, 0.4392123520374298],\n",
       "    [0.023588940501213074, 0.8879532814025879, 0.4593283236026764]],\n",
       "   'translation': [-0.8157433271408081,\n",
       "    0.5039873719215393,\n",
       "    -0.055171333253383636]},\n",
       "  'frame_00048.png': {'rotation': [[-0.5314193367958069,\n",
       "     0.39990678429603577,\n",
       "     -0.7467718124389648],\n",
       "    [-0.8468103408813477, -0.22738304734230042, 0.4808421730995178],\n",
       "    [0.022488782182335854, 0.8879029154777527, 0.4594808518886566]],\n",
       "   'translation': [-0.8108363747596741,\n",
       "    0.536683976650238,\n",
       "    -0.04926695302128792]},\n",
       "  'frame_00049.png': {'rotation': [[-0.5763052701950073,\n",
       "     0.38519197702407837,\n",
       "     -0.7207630276679993],\n",
       "    [-0.8170387148857117, -0.2522565424442291, 0.518473207950592],\n",
       "    [0.01789453998208046, 0.887690007686615, 0.4600934684276581]],\n",
       "   'translation': [-0.7986152768135071,\n",
       "    0.5698583126068115,\n",
       "    -0.04199391230940819]},\n",
       "  'frame_00050.png': {'rotation': [[-0.6154993176460266,\n",
       "     0.36737626791000366,\n",
       "     -0.6972770690917969],\n",
       "    [-0.7880780100822449, -0.2760159373283386, 0.5502257347106934],\n",
       "    [0.00968027301132679, 0.8881722092628479, 0.45940878987312317]],\n",
       "   'translation': [-0.7812095284461975,\n",
       "    0.5971943140029907,\n",
       "    -0.034429971128702164]},\n",
       "  'frame_00051.png': {'rotation': [[-0.6483052968978882,\n",
       "     0.34334439039230347,\n",
       "     -0.6795697212219238],\n",
       "    [-0.7613477110862732, -0.3006216287612915, 0.5744355320930481],\n",
       "    [-0.007064058445394039, 0.8897984027862549, 0.4562990665435791]],\n",
       "   'translation': [-0.7619471549987793,\n",
       "    0.6189270615577698,\n",
       "    -0.02453715167939663]},\n",
       "  'frame_00053.png': {'rotation': [[-0.6953938603401184,\n",
       "     0.30010735988616943,\n",
       "     -0.65296471118927],\n",
       "    [-0.7175371646881104, -0.34002506732940674, 0.6078842878341675],\n",
       "    [-0.03959384933114052, 0.8912456035614014, 0.4517895579338074]],\n",
       "   'translation': [-0.7201129198074341,\n",
       "    0.6515978574752808,\n",
       "    -0.009381077252328396]},\n",
       "  'frame_00054.png': {'rotation': [[-0.7085217237472534,\n",
       "     0.2860356867313385,\n",
       "     -0.6451205015182495],\n",
       "    [-0.7036778330802917, -0.35533255338668823, 0.6152855157852173],\n",
       "    [-0.053238678723573685, 0.8899002075195312, 0.4530378580093384]],\n",
       "   'translation': [-0.7031112909317017,\n",
       "    0.6733858585357666,\n",
       "    -0.004873520229011774]},\n",
       "  'frame_00055.png': {'rotation': [[-0.7179755568504333,\n",
       "     0.27431929111480713,\n",
       "     -0.6397342681884766],\n",
       "    [-0.6928921937942505, -0.36936068534851074, 0.6192521452903748],\n",
       "    [-0.06641989946365356, 0.8878747820854187, 0.4552655816078186]],\n",
       "   'translation': [-0.6833990216255188,\n",
       "    0.6983038783073425,\n",
       "    -0.0015948544023558497]},\n",
       "  'frame_00056.png': {'rotation': [[-0.7266963124275208,\n",
       "     0.2632439136505127,\n",
       "     -0.6345195174217224],\n",
       "    [-0.6825218796730042, -0.38148269057273865, 0.6234058737754822],\n",
       "    [-0.07795040309429169, 0.886100172996521, 0.45689183473587036]],\n",
       "   'translation': [-0.6581453084945679,\n",
       "    0.7225127220153809,\n",
       "    0.002697687828913331]},\n",
       "  'frame_00057.png': {'rotation': [[-0.7353647947311401,\n",
       "     0.2536018192768097,\n",
       "     -0.6284304261207581],\n",
       "    [-0.6720229387283325, -0.3923810124397278, 0.6280304789543152],\n",
       "    [-0.08731450885534286, 0.8841511607170105, 0.4589693546295166]],\n",
       "   'translation': [-0.6336472034454346,\n",
       "    0.7471471428871155,\n",
       "    0.0071188220754265785]},\n",
       "  'frame_00058.png': {'rotation': [[-0.7465704083442688,\n",
       "     0.24860520660877228,\n",
       "     -0.6171126365661621],\n",
       "    [-0.6596689224243164, -0.39710286259651184, 0.6380801796913147],\n",
       "    [-0.08642713725566864, 0.8834618330001831, 0.46046242117881775]],\n",
       "   'translation': [-0.609214186668396,\n",
       "    0.767706036567688,\n",
       "    0.007189543917775154]},\n",
       "  'frame_00059.png': {'rotation': [[-0.7626510262489319,\n",
       "     0.24865815043449402,\n",
       "     -0.5971034169197083],\n",
       "    [-0.6424116492271423, -0.3986726999282837, 0.6544976830482483],\n",
       "    [-0.0753026157617569, 0.8827396035194397, 0.4637891352176666]],\n",
       "   'translation': [-0.5894315838813782,\n",
       "    0.7833380699157715,\n",
       "    0.00609093252569437]},\n",
       "  'frame_00060.png': {'rotation': [[-0.7810744047164917,\n",
       "     0.24878977239131927,\n",
       "     -0.5727360248565674],\n",
       "    [-0.6214765310287476, -0.39894339442253113, 0.674248456954956],\n",
       "    [-0.060743119567632675, 0.8825801610946655, 0.466221421957016]],\n",
       "   'translation': [-0.5707170963287354,\n",
       "    0.7988775372505188,\n",
       "    0.009272086434066296]},\n",
       "  'frame_00061.png': {'rotation': [[-0.798137366771698,\n",
       "     0.24878303706645966,\n",
       "     -0.5487108826637268],\n",
       "    [-0.6006856560707092, -0.3987504243850708, 0.6929464936256409],\n",
       "    [-0.04640538617968559, 0.8826692700386047, 0.46769803762435913]],\n",
       "   'translation': [-0.5512266159057617,\n",
       "    0.8126153945922852,\n",
       "    0.013092310167849064]},\n",
       "  'frame_00063.png': {'rotation': [[-0.8294956088066101,\n",
       "     0.235443115234375,\n",
       "     -0.5064619183540344],\n",
       "    [-0.5576403141021729, -0.39981240034103394, 0.7274526357650757],\n",
       "    [-0.03121602162718773, 0.8858422636985779, 0.4629351794719696]],\n",
       "   'translation': [-0.5159250497817993,\n",
       "    0.8426358699798584,\n",
       "    0.016150765120983124]},\n",
       "  'frame_00064.png': {'rotation': [[-0.84443598985672,\n",
       "     0.22449888288974762,\n",
       "     -0.486341655254364],\n",
       "    [-0.5348528623580933, -0.4030958116054535, 0.7425941228866577],\n",
       "    [-0.029330754652619362, 0.8871943950653076, 0.4604625403881073]],\n",
       "   'translation': [-0.4921704828739166,\n",
       "    0.8624305725097656,\n",
       "    0.019849054515361786]},\n",
       "  'frame_00065.png': {'rotation': [[-0.8614010214805603,\n",
       "     0.21254155039787292,\n",
       "     -0.4613180458545685],\n",
       "    [-0.5071205496788025, -0.41099515557289124, 0.7575697302818298],\n",
       "    [-0.0285844374448061, 0.8865150809288025, 0.46181580424308777]],\n",
       "   'translation': [-0.469404399394989,\n",
       "    0.8862677812576294,\n",
       "    0.01704591140151024]},\n",
       "  'frame_00066.png': {'rotation': [[-0.8798330426216125,\n",
       "     0.19637054204940796,\n",
       "     -0.4328192174434662],\n",
       "    [-0.4743135869503021, -0.4209059178829193, 0.7732172012329102],\n",
       "    [-0.030339062213897705, 0.8855940103530884, 0.46346810460090637]],\n",
       "   'translation': [-0.44356414675712585,\n",
       "    0.9128807783126831,\n",
       "    0.017689278349280357]},\n",
       "  'frame_00067.png': {'rotation': [[-0.8970209956169128,\n",
       "     0.1804068684577942,\n",
       "     -0.4034932553768158],\n",
       "    [-0.44086775183677673, -0.4301677346229553, 0.7877762913703918],\n",
       "    [-0.03144948557019234, 0.8845388889312744, 0.4654049873352051]],\n",
       "   'translation': [-0.4136263132095337,\n",
       "    0.9313809275627136,\n",
       "    0.01981927827000618]},\n",
       "  'frame_00068.png': {'rotation': [[-0.9129598736763,\n",
       "     0.16519880294799805,\n",
       "     -0.3731132447719574],\n",
       "    [-0.4068143665790558, -0.4395771324634552, 0.8007957935333252],\n",
       "    [-0.0317215621471405, 0.8828823566436768, 0.4685215353965759]],\n",
       "   'translation': [-0.38497552275657654,\n",
       "    0.9438163042068481,\n",
       "    0.023792343214154243]},\n",
       "  'frame_00069.png': {'rotation': [[-0.9274415373802185,\n",
       "     0.14970538020133972,\n",
       "     -0.3426959812641144],\n",
       "    [-0.37263455986976624, -0.4472682774066925, 0.8130772113800049],\n",
       "    [-0.03155502304434776, 0.8817819952964783, 0.47060051560401917]],\n",
       "   'translation': [-0.36016449332237244,\n",
       "    0.950653076171875,\n",
       "    0.02473507821559906]},\n",
       "  'frame_00070.png': {'rotation': [[-0.9418121576309204,\n",
       "     0.13473261892795563,\n",
       "     -0.30795612931251526],\n",
       "    [-0.33494487404823303, -0.45333442091941833, 0.8260143995285034],\n",
       "    [-0.02831599861383438, 0.881098747253418, 0.4720838963985443]],\n",
       "   'translation': [-0.32935166358947754,\n",
       "    0.9558139443397522,\n",
       "    0.027598032727837563]},\n",
       "  'frame_00071.png': {'rotation': [[-0.9575243592262268,\n",
       "     0.11953870207071304,\n",
       "     -0.2624073028564453],\n",
       "    [-0.2876814007759094, -0.4580704867839813, 0.8410771489143372],\n",
       "    [-0.01965971477329731, 0.8808415532112122, 0.47300267219543457]],\n",
       "   'translation': [-0.29187875986099243,\n",
       "    0.9640465378761292,\n",
       "    0.031188230961561203]},\n",
       "  'frame_00073.png': {'rotation': [[-0.9861612915992737,\n",
       "     0.08317382633686066,\n",
       "     -0.143415167927742],\n",
       "    [-0.16567912697792053, -0.46301692724227905, 0.8707271218299866],\n",
       "    [0.006018070038408041, 0.8824383020401001, 0.47038954496383667]],\n",
       "   'translation': [-0.21486486494541168,\n",
       "    0.9699304699897766,\n",
       "    0.045307788997888565]},\n",
       "  'frame_00074.png': {'rotation': [[-0.995205819606781,\n",
       "     0.061795882880687714,\n",
       "     -0.07580597698688507],\n",
       "    [-0.09589444100856781, -0.46420300006866455, 0.8805224299430847],\n",
       "    [0.01922331377863884, 0.8835706114768982, 0.4679034352302551]],\n",
       "   'translation': [-0.18287786841392517,\n",
       "    0.9660599827766418,\n",
       "    0.05255156382918358]},\n",
       "  'frame_00075.png': {'rotation': [[-0.9991487264633179,\n",
       "     0.04070894792675972,\n",
       "     -0.006676521617919207],\n",
       "    [-0.024867886677384377, -0.4652308225631714, 0.8848401308059692],\n",
       "    [0.03291475772857666, 0.8842529058456421, 0.46584710478782654]],\n",
       "   'translation': [-0.16004416346549988,\n",
       "    0.9617540836334229,\n",
       "    0.05678347870707512]},\n",
       "  'frame_00076.png': {'rotation': [[-0.9979493021965027,\n",
       "     0.020322637632489204,\n",
       "     0.06069868803024292],\n",
       "    [0.04429959878325462, -0.465212345123291, 0.8840898871421814],\n",
       "    [0.046204824000597, 0.884965717792511, 0.4633580148220062]],\n",
       "   'translation': [-0.1414288580417633,\n",
       "    0.9556018710136414,\n",
       "    0.058747630566358566]},\n",
       "  'frame_00077.png': {'rotation': [[-0.9935415387153625,\n",
       "     0.0033229466062039137,\n",
       "     0.11342057585716248],\n",
       "    [0.09887326508760452, -0.4650689959526062, 0.8797357678413391],\n",
       "    [0.05567171052098274, 0.8852681517601013, 0.461736798286438]],\n",
       "   'translation': [-0.1261792778968811,\n",
       "    0.9444703459739685,\n",
       "    0.0600784607231617]},\n",
       "  'frame_00078.png': {'rotation': [[-0.9898101687431335,\n",
       "     -0.006537170149385929,\n",
       "     0.14224249124526978],\n",
       "    [0.12874282896518707, -0.4678719937801361, 0.8743689656257629],\n",
       "    [0.06083539500832558, 0.883772075176239, 0.463946133852005]],\n",
       "   'translation': [-0.10582016408443451,\n",
       "    0.9380818009376526,\n",
       "    0.059907130897045135]},\n",
       "  'frame_00079.png': {'rotation': [[-0.9874279499053955,\n",
       "     -0.012579112313687801,\n",
       "     0.15756867825984955],\n",
       "    [0.14492261409759521, -0.47006410360336304, 0.8706531524658203],\n",
       "    [0.06311530619859695, 0.882542610168457, 0.46597740054130554]],\n",
       "   'translation': [-0.08151157200336456,\n",
       "    0.9374204277992249,\n",
       "    0.05638635531067848]},\n",
       "  'frame_00080.png': {'rotation': [[-0.9856007099151611,\n",
       "     -0.0189664326608181,\n",
       "     0.16802245378494263],\n",
       "    [0.15699268877506256, -0.47173482179641724, 0.8676517009735107],\n",
       "    [0.06280574947595596, 0.8815364837646484, 0.4679197669029236]],\n",
       "   'translation': [-0.054044969379901886,\n",
       "    0.9421590566635132,\n",
       "    0.06040950492024422]},\n",
       "  'frame_00081.png': {'rotation': [[-0.9815841913223267,\n",
       "     -0.030795564875006676,\n",
       "     0.1885318011045456],\n",
       "    [0.1804884970188141, -0.47282373905181885, 0.8624741435050964],\n",
       "    [0.06258194893598557, 0.8806188106536865, 0.46967455744743347]],\n",
       "   'translation': [-0.02569909766316414,\n",
       "    0.9481620192527771,\n",
       "    0.06138981133699417]},\n",
       "  'frame_00083.png': {'rotation': [[-0.9594411253929138,\n",
       "     -0.06839855760335922,\n",
       "     0.27348536252975464],\n",
       "    [0.27332350611686707, -0.46328964829444885, 0.8430047035217285],\n",
       "    [0.0690426304936409, 0.8835633993148804, 0.4631940424442291]],\n",
       "   'translation': [0.03210756555199623,\n",
       "    0.9515354633331299,\n",
       "    0.0613216906785965]},\n",
       "  'frame_00084.png': {'rotation': [[-0.9430236220359802,\n",
       "     -0.08830083906650543,\n",
       "     0.3207949101924896],\n",
       "    [0.3246596157550812, -0.4552054703235626, 0.8290863037109375],\n",
       "    [0.07281854003667831, 0.8859971761703491, 0.45793718099594116]],\n",
       "   'translation': [0.055013637989759445,\n",
       "    0.9446690678596497,\n",
       "    0.06060485541820526]},\n",
       "  'frame_00085.png': {'rotation': [[-0.925173282623291,\n",
       "     -0.10840242356061935,\n",
       "     0.3637353479862213],\n",
       "    [0.372347354888916, -0.4449821710586548, 0.8144619464874268],\n",
       "    [0.07356613129377365, 0.8889544010162354, 0.4520488977432251]],\n",
       "   'translation': [0.07705115526914597,\n",
       "    0.9331429600715637,\n",
       "    0.058601222932338715]},\n",
       "  'frame_00086.png': {'rotation': [[-0.9092873334884644,\n",
       "     -0.12535104155540466,\n",
       "     0.39684218168258667],\n",
       "    [0.40999388694763184, -0.43347203731536865, 0.8025004267692566],\n",
       "    [0.07142575085163116, 0.8924062848091125, 0.4455437958240509]],\n",
       "   'translation': [0.09746406227350235,\n",
       "    0.9188622236251831,\n",
       "    0.058755286037921906]},\n",
       "  'frame_00087.png': {'rotation': [[-0.8953981399536133,\n",
       "     -0.13465556502342224,\n",
       "     0.42441725730895996],\n",
       "    [0.4396505057811737, -0.41827455163002014, 0.7948294281959534],\n",
       "    [0.07049470394849777, 0.8982841372489929, 0.43372365832328796]],\n",
       "   'translation': [0.12276283651590347,\n",
       "    0.9001705050468445,\n",
       "    0.05838220566511154]},\n",
       "  'frame_00088.png': {'rotation': [[-0.8832029700279236,\n",
       "     -0.13927145302295685,\n",
       "     0.44783470034599304],\n",
       "    [0.46361106634140015, -0.40348589420318604, 0.7888370752334595],\n",
       "    [0.07083246111869812, 0.9043244123458862, 0.4209277331829071]],\n",
       "   'translation': [0.14418727159500122,\n",
       "    0.8756433725357056,\n",
       "    0.06187436729669571]},\n",
       "  'frame_00089.png': {'rotation': [[-0.8729078769683838,\n",
       "     -0.1410878300666809,\n",
       "     0.46703970432281494],\n",
       "    [0.48247483372688293, -0.3917946517467499, 0.7833995223045349],\n",
       "    [0.07245545834302902, 0.9091705679893494, 0.4100719392299652]],\n",
       "   'translation': [0.1697528213262558,\n",
       "    0.8499257564544678,\n",
       "    0.062019117176532745]},\n",
       "  'frame_00090.png': {'rotation': [[-0.8639682531356812,\n",
       "     -0.14105676114559174,\n",
       "     0.48338583111763],\n",
       "    [0.49792954325675964, -0.38230210542678833, 0.7784029841423035],\n",
       "    [0.07500040531158447, 0.9132075905799866, 0.40053319931030273]],\n",
       "   'translation': [0.19467471539974213,\n",
       "    0.8246977925300598,\n",
       "    0.058157533407211304]},\n",
       "  'frame_00091.png': {'rotation': [[-0.8548318147659302,\n",
       "     -0.13784746825695038,\n",
       "     0.500260591506958],\n",
       "    [0.5122998952865601, -0.37753066420555115, 0.7713750004768372],\n",
       "    [0.0825316458940506, 0.9156793355941772, 0.3933444321155548]],\n",
       "   'translation': [0.2166164517402649,\n",
       "    0.7990385890007019,\n",
       "    0.05431409180164337]},\n",
       "  'frame_00092.png': {'rotation': [[-0.8455883860588074,\n",
       "     -0.13481202721595764,\n",
       "     0.5165327787399292],\n",
       "    [0.5262149572372437, -0.3733992576599121, 0.7639835476875305],\n",
       "    [0.08987879008054733, 0.9178228378295898, 0.3866821825504303]],\n",
       "   'translation': [0.2338852435350418,\n",
       "    0.7709119915962219,\n",
       "    0.0537288598716259]},\n",
       "  'frame_00094.png': {'rotation': [[-0.8262723088264465,\n",
       "     -0.12911535799503326,\n",
       "     0.548272967338562],\n",
       "    [0.5537404417991638, -0.36449480056762695, 0.7486754655838013],\n",
